667
2002
1001.0
3004.0
1502.0
751.0
2254.0
1127.0
3382.0
1691.0
5074.0
2537.0
7612.0
3806.0
1903.0
5710.0
2855.0
8566.0
4283.0
12850.0
6425.0
19276.0
9638.0
4819.0
14458.0
7229.0
21688.0
10844.0
5422.0
2711.0
8134.0
4067.0
12202.0
6101.0
18304.0
9152.0
4576.0
2288.0
1144.0
572.0
286.0
143.0
430.0
215.0
646.0
323.0
970.0
485.0
1456.0
728.0
364.0
182.0
91.0
274.0
137.0
412.0
206.0
103.0
310.0
155.0
466.0
233.0
700.0
350.0
175.0
526.0
263.0
790.0
395.0
1186.0
593.0
1780.0
890.0
445.0
1336.0
668.0
334.0
167.0
502.0
251.0
754.0
377.0
1132.0
566.0
283.0
850.0
425.0
1276.0
638.0
319.0
958.0
479.0
1438.0
719.0
2158.0
1079.0
3238.0
1619.0
4858.0
2429.0
7288.0
3644.0
1822.0
911.0
2734.0
1367.0
4102.0
2051.0
6154.0
3077.0
9232.0
4616.0
2308.0
1154.0
577.0
1732.0
866.0
433.0
1300.0
650.0
325.0
976.0
488.0
244.0
122.0
61.0
184.0
92.0
46.0
23.0
70.0
35.0
106.0
53.0
160.0
80.0
40.0
20.0
10.0
5.0
16.0
8.0
4.0
