639
1918
959.0
2878.0
1439.0
4318.0
2159.0
6478.0
3239.0
9718.0
4859.0
14578.0
7289.0
21868.0
10934.0
5467.0
16402.0
8201.0
24604.0
12302.0
6151.0
18454.0
9227.0
27682.0
13841.0
41524.0
20762.0
10381.0
31144.0
15572.0
7786.0
3893.0
11680.0
5840.0
2920.0
1460.0
730.0
365.0
1096.0
548.0
274.0
137.0
412.0
206.0
103.0
310.0
155.0
466.0
233.0
700.0
350.0
175.0
526.0
263.0
790.0
395.0
1186.0
593.0
1780.0
890.0
445.0
1336.0
668.0
334.0
167.0
502.0
251.0
754.0
377.0
1132.0
566.0
283.0
850.0
425.0
1276.0
638.0
319.0
958.0
479.0
1438.0
719.0
2158.0
1079.0
3238.0
1619.0
4858.0
2429.0
7288.0
3644.0
1822.0
911.0
2734.0
1367.0
4102.0
2051.0
6154.0
3077.0
9232.0
4616.0
2308.0
1154.0
577.0
1732.0
866.0
433.0
1300.0
650.0
325.0
976.0
488.0
244.0
122.0
61.0
184.0
92.0
46.0
23.0
70.0
35.0
106.0
53.0
160.0
80.0
40.0
20.0
10.0
5.0
16.0
8.0
4.0
