839
2518
1259.0
3778.0
1889.0
5668.0
2834.0
1417.0
4252.0
2126.0
1063.0
3190.0
1595.0
4786.0
2393.0
7180.0
3590.0
1795.0
5386.0
2693.0
8080.0
4040.0
2020.0
1010.0
505.0
1516.0
758.0
379.0
1138.0
569.0
1708.0
854.0
427.0
1282.0
641.0
1924.0
962.0
481.0
1444.0
722.0
361.0
1084.0
542.0
271.0
814.0
407.0
1222.0
611.0
1834.0
917.0
2752.0
1376.0
688.0
344.0
172.0
86.0
43.0
130.0
65.0
196.0
98.0
49.0
148.0
74.0
37.0
112.0
56.0
28.0
14.0
7.0
22.0
11.0
34.0
17.0
52.0
26.0
13.0
40.0
20.0
10.0
5.0
16.0
8.0
4.0
