927
2782
1391.0
4174.0
2087.0
6262.0
3131.0
9394.0
4697.0
14092.0
7046.0
3523.0
10570.0
5285.0
15856.0
7928.0
3964.0
1982.0
991.0
2974.0
1487.0
4462.0
2231.0
6694.0
3347.0
10042.0
5021.0
15064.0
7532.0
3766.0
1883.0
5650.0
2825.0
8476.0
4238.0
2119.0
6358.0
3179.0
9538.0
4769.0
14308.0
7154.0
3577.0
10732.0
5366.0
2683.0
8050.0
4025.0
12076.0
6038.0
3019.0
9058.0
4529.0
13588.0
6794.0
3397.0
10192.0
5096.0
2548.0
1274.0
637.0
1912.0
956.0
478.0
239.0
718.0
359.0
1078.0
539.0
1618.0
809.0
2428.0
1214.0
607.0
1822.0
911.0
2734.0
1367.0
4102.0
2051.0
6154.0
3077.0
9232.0
4616.0
2308.0
1154.0
577.0
1732.0
866.0
433.0
1300.0
650.0
325.0
976.0
488.0
244.0
122.0
61.0
184.0
92.0
46.0
23.0
70.0
35.0
106.0
53.0
160.0
80.0
40.0
20.0
10.0
5.0
16.0
8.0
4.0
