871
2614
1307.0
3922.0
1961.0
5884.0
2942.0
1471.0
4414.0
2207.0
6622.0
3311.0
9934.0
4967.0
14902.0
7451.0
22354.0
11177.0
33532.0
16766.0
8383.0
25150.0
12575.0
37726.0
18863.0
56590.0
28295.0
84886.0
42443.0
127330.0
63665.0
190996.0
95498.0
47749.0
143248.0
71624.0
35812.0
17906.0
8953.0
26860.0
13430.0
6715.0
20146.0
10073.0
30220.0
15110.0
7555.0
22666.0
11333.0
34000.0
17000.0
8500.0
4250.0
2125.0
6376.0
3188.0
1594.0
797.0
2392.0
1196.0
598.0
299.0
898.0
449.0
1348.0
674.0
337.0
1012.0
506.0
253.0
760.0
380.0
190.0
95.0
286.0
143.0
430.0
215.0
646.0
323.0
970.0
485.0
1456.0
728.0
364.0
182.0
91.0
274.0
137.0
412.0
206.0
103.0
310.0
155.0
466.0
233.0
700.0
350.0
175.0
526.0
263.0
790.0
395.0
1186.0
593.0
1780.0
890.0
445.0
1336.0
668.0
334.0
167.0
502.0
251.0
754.0
377.0
1132.0
566.0
283.0
850.0
425.0
1276.0
638.0
319.0
958.0
479.0
1438.0
719.0
2158.0
1079.0
3238.0
1619.0
4858.0
2429.0
7288.0
3644.0
1822.0
911.0
2734.0
1367.0
4102.0
2051.0
6154.0
3077.0
9232.0
4616.0
2308.0
1154.0
577.0
1732.0
866.0
433.0
1300.0
650.0
325.0
976.0
488.0
244.0
122.0
61.0
184.0
92.0
46.0
23.0
70.0
35.0
106.0
53.0
160.0
80.0
40.0
20.0
10.0
5.0
16.0
8.0
4.0
