894
447.0
1342.0
671.0
2014.0
1007.0
3022.0
1511.0
4534.0
2267.0
6802.0
3401.0
10204.0
5102.0
2551.0
7654.0
3827.0
11482.0
5741.0
17224.0
8612.0
4306.0
2153.0
6460.0
3230.0
1615.0
4846.0
2423.0
7270.0
3635.0
10906.0
5453.0
16360.0
8180.0
4090.0
2045.0
6136.0
3068.0
1534.0
767.0
2302.0
1151.0
3454.0
1727.0
5182.0
2591.0
7774.0
3887.0
11662.0
5831.0
17494.0
8747.0
26242.0
13121.0
39364.0
19682.0
9841.0
29524.0
14762.0
7381.0
22144.0
11072.0
5536.0
2768.0
1384.0
692.0
346.0
173.0
520.0
260.0
130.0
65.0
196.0
98.0
49.0
148.0
74.0
37.0
112.0
56.0
28.0
14.0
7.0
22.0
11.0
34.0
17.0
52.0
26.0
13.0
40.0
20.0
10.0
5.0
16.0
8.0
4.0
