937
2812
1406.0
703.0
2110.0
1055.0
3166.0
1583.0
4750.0
2375.0
7126.0
3563.0
10690.0
5345.0
16036.0
8018.0
4009.0
12028.0
6014.0
3007.0
9022.0
4511.0
13534.0
6767.0
20302.0
10151.0
30454.0
15227.0
45682.0
22841.0
68524.0
34262.0
17131.0
51394.0
25697.0
77092.0
38546.0
19273.0
57820.0
28910.0
14455.0
43366.0
21683.0
65050.0
32525.0
97576.0
48788.0
24394.0
12197.0
36592.0
18296.0
9148.0
4574.0
2287.0
6862.0
3431.0
10294.0
5147.0
15442.0
7721.0
23164.0
11582.0
5791.0
17374.0
8687.0
26062.0
13031.0
39094.0
19547.0
58642.0
29321.0
87964.0
43982.0
21991.0
65974.0
32987.0
98962.0
49481.0
148444.0
74222.0
37111.0
111334.0
55667.0
167002.0
83501.0
250504.0
125252.0
62626.0
31313.0
93940.0
46970.0
23485.0
70456.0
35228.0
17614.0
8807.0
26422.0
13211.0
39634.0
19817.0
59452.0
29726.0
14863.0
44590.0
22295.0
66886.0
33443.0
100330.0
50165.0
150496.0
75248.0
37624.0
18812.0
9406.0
4703.0
14110.0
7055.0
21166.0
10583.0
31750.0
15875.0
47626.0
23813.0
71440.0
35720.0
17860.0
8930.0
4465.0
13396.0
6698.0
3349.0
10048.0
5024.0
2512.0
1256.0
628.0
314.0
157.0
472.0
236.0
118.0
59.0
178.0
89.0
268.0
134.0
67.0
202.0
101.0
304.0
152.0
76.0
38.0
19.0
58.0
29.0
88.0
44.0
22.0
11.0
34.0
17.0
52.0
26.0
13.0
40.0
20.0
10.0
5.0
16.0
8.0
4.0
